1000056578;1;2;3;4;5
10000714773;1;2;3;4;5
10000944700;1;2;3;4;5
10001111423;1;2;3;4;5
10001330506;1;2;3;4;5
10001761942;1;2;3;4;5
10002155059;1;2;3;4;5
10002485812;1;2;3;4;5
100036516;1;2;3;4;5
1000377836;1;2;3;4;5
100038069;1;2;3;4;5
10003840358;1;2;3;4;5
100039537;1;2;3;4;5
100046685;1;2;3;4;5
10005075290;1;2;3;4;5
1000526891;1;2;3;4;5
1000531107;1;2;3;4;5
100054244;1;2;3;4;5
1000604289;1;2;3;4;5
10006169231;1;2;3;4;5
1000630272;1;2;3;4;5
100063328;1;2;3;4;5
100071142;1;2;3;4;5
100072697;1;2;3;4;5
1000839287;1;2;3;4;5
1000881488;1;2;3;4;5
1000947952;1;2;3;4;5
10009563244;1;2;3;4;5
10010049527;1;2;3;4;5
1001027129;1;2;3;4;5
1001078974;1;2;3;4;5
10012172453;1;2;3;4;5
10014647650;1;2;3;4;5
1001494875;1;2;3;4;5
10016345658;1;2;3;4;5
10016514626;1;2;3;4;5
10018006431;1;2;3;4;5
10018326943;1;2;3;4;5
1001970486;1;2;3;4;5
10020160121;1;2;3;4;5
10020778299;1;2;3;4;5
10021473585;1;2;3;4;5
1002177708;1;2;3;4;5
100222003;1;2;3;4;5
10023318373;1;2;3;4;5
10024391405;1;2;3;4;5
10025181231;1;2;3;4;5
1002677425;1;2;3;4;5
10028405993;1;2;3;4;5
1002840704;1;2;3;4;5
10028959110;1;2;3;4;5
1002985565;1;2;3;4;5
10030497482;1;2;3;4;5
10030790671;1;2;3;4;5
10030921;1;2;3;4;5
10031113947;1;2;3;4;5
10032519408;1;2;3;4;5
10033796763;1;2;3;4;5
10034003536;1;2;3;4;5
1003431791;1;2;3;4;5
10035910511;1;2;3;4;5
1003720083;1;2;3;4;5
1003724640;1;2;3;4;5
10038005595;1;2;3;4;5
100389992;1;2;3;4;5
1003916133;1;2;3;4;5
100401244;1;2;3;4;5
10041059267;1;2;3;4;5
10041108706;1;2;3;4;5
1004114295;1;2;3;4;5
10041165588;1;2;3;4;5
1004130478;1;2;3;4;5
10041740481;1;2;3;4;5
10041903346;1;2;3;4;5
10042608258;1;2;3;4;5
100438945;1;2;3;4;5
1004405068;1;2;3;4;5
10044543240;1;2;3;4;5
10045102366;1;2;3;4;5
10045309139;1;2;3;4;5
100455716;1;2;3;4;5
1004590207;1;2;3;4;5
10047359622;1;2;3;4;5
1004757458;1;2;3;4;5
1004799902;1;2;3;4;5
100481342;1;2;3;4;5
10048886584;1;2;3;4;5
100490363;1;2;3;4;5
100508864;1;2;3;4;5
10051599095;1;2;3;4;5
100520765;1;2;3;4;5
100520974;1;2;3;4;5
1005309399;1;2;3;4;5
100537770;1;2;3;4;5
10056040048;1;2;3;4;5
1005664040;1;2;3;4;5
1005710326;1;2;3;4;5
100574781;1;2;3;4;5
10057843404;1;2;3;4;5
10058087045;1;2;3;4;5
1005841779;1;2;3;4;5
100588720;1;2;3;4;5
10059065525;1;2;3;4;5
1005925681;1;2;3;4;5
1005965552;1;2;3;4;5
1006159604;1;2;3;4;5
1006270295;1;2;3;4;5
1006322645;1;2;3;4;5
1006326731;1;2;3;4;5
10064307104;1;2;3;4;5
1006433061;1;2;3;4;5
100648222;1;2;3;4;5
100649725;1;2;3;4;5
10064972725;1;2;3;4;5
1006585501;1;2;3;4;5
1006644704;1;2;3;4;5
100669310;1;2;3;4;5
10069288848;1;2;3;4;5
10069392233;1;2;3;4;5
1007190513;1;2;3;4;5
10072337625;1;2;3;4;5
10072516061;1;2;3;4;5
100740607;1;2;3;4;5
1007456766;1;2;3;4;5
100749082;1;2;3;4;5
10074962875;1;2;3;4;5
1007505128;1;2;3;4;5
1007573508;1;2;3;4;5
1007650617;1;2;3;4;5
1007772704;1;2;3;4;5
10078794843;1;2;3;4;5
10078974666;1;2;3;4;5
10079102081;1;2;3;4;5
1007913863;1;2;3;4;5
10079603530;1;2;3;4;5
1007973494;1;2;3;4;5
100803233;1;2;3;4;5
1008063692;1;2;3;4;5
1008109969;1;2;3;4;5
1008158850;1;2;3;4;5
10081721375;1;2;3;4;5
10083043762;1;2;3;4;5
10083181785;1;2;3;4;5
10083301691;1;2;3;4;5
10084934538;1;2;3;4;5
1008540891;1;2;3;4;5
100856171;1;2;3;4;5
10086940781;1;2;3;4;5
10087224167;1;2;3;4;5
10088175818;1;2;3;4;5
100883989;1;2;3;4;5
100886323;1;2;3;4;5
1008874231;1;2;3;4;5
1008955808;1;2;3;4;5
100897201;1;2;3;4;5
10090100569;1;2;3;4;5
100907884;1;2;3;4;5
1009118273;1;2;3;4;5
100925355;1;2;3;4;5
100929222;1;2;3;4;5
10093598659;1;2;3;4;5
10093647236;1;2;3;4;5
1009365415;1;2;3;4;5
1009367573;1;2;3;4;5
100950191;1;2;3;4;5
10095548318;1;2;3;4;5
10095837120;1;2;3;4;5
1009585933;1;2;3;4;5
10095989276;1;2;3;4;5
1009608152;1;2;3;4;5
10096441850;1;2;3;4;5
1009672877;1;2;3;4;5
10097108373;1;2;3;4;5
100971326;1;2;3;4;5
1009891842;1;2;3;4;5
1009972372;1;2;3;4;5
1010017719;1;2;3;4;5
1010032946;1;2;3;4;5
101004070;1;2;3;4;5
10100945202;1;2;3;4;5
101012800;1;2;3;4;5
1010150641;1;2;3;4;5
1010213378;1;2;3;4;5
10102293216;1;2;3;4;5
1010274339;1;2;3;4;5
1010280795;1;2;3;4;5
1010299130;1;2;3;4;5
10103378730;1;2;3;4;5
101034834;1;2;3;4;5
10103504832;1;2;3;4;5
101037211;1;2;3;4;5
101041880;1;2;3;4;5
10104281343;1;2;3;4;5
101044194;1;2;3;4;5
1010459551;1;2;3;4;5
10105678325;1;2;3;4;5
10105839041;1;2;3;4;5
10105944706;1;2;3;4;5
1010630795;1;2;3;4;5
101063487;1;2;3;4;5
10106356490;1;2;3;4;5
1010644391;1;2;3;4;5
1010655323;1;2;3;4;5
10107175661;1;2;3;4;5
1010930184;1;2;3;4;5
1010939532;1;2;3;4;5
1010946811;1;2;3;4;5
10109859106;1;2;3;4;5
1011025653;1;2;3;4;5
101108869;1;2;3;4;5
1011175561;1;2;3;4;5
1011194379;1;2;3;4;5
1011245051;1;2;3;4;5
10112571784;1;2;3;4;5
1011299684;1;2;3;4;5
1011312385;1;2;3;4;5
10115541832;1;2;3;4;5
10115801779;1;2;3;4;5
10116219101;1;2;3;4;5
1011647182;1;2;3;4;5
10118394060;1;2;3;4;5
10118723266;1;2;3;4;5
1012000423;1;2;3;4;5
101201751;1;2;3;4;5
10120330040;1;2;3;4;5
1012097544;1;2;3;4;5
101230672;1;2;3;4;5
10124485780;1;2;3;4;5
10124566418;1;2;3;4;5
10125223676;1;2;3;4;5
1012559870;1;2;3;4;5
101279349;1;2;3;4;5
10128260398;1;2;3;4;5
10128514285;1;2;3;4;5
1012933342;1;2;3;4;5
101294090;1;2;3;4;5
10129914194;1;2;3;4;5
10130449430;1;2;3;4;5
1013115615;1;2;3;4;5
1013222657;1;2;3;4;5
1013272430;1;2;3;4;5
1013363167;1;2;3;4;5
10134798767;1;2;3;4;5
10135384019;1;2;3;4;5
10137080198;1;2;3;4;5
1013922993;1;2;3;4;5
10140035825;1;2;3;4;5
101429616;1;2;3;4;5
10143584491;1;2;3;4;5
10144409493;1;2;3;4;5
10144575630;1;2;3;4;5
10144646008;1;2;3;4;5
10144882957;1;2;3;4;5
101451322;1;2;3;4;5
101455224;1;2;3;4;5
101460951;1;2;3;4;5
101468339;1;2;3;4;5
10147024028;1;2;3;4;5
10149293028;1;2;3;4;5
10149720271;1;2;3;4;5
1015023259;1;2;3;4;5
1015026498;1;2;3;4;5
1015101938;1;2;3;4;5
1015126074;1;2;3;4;5
10151878395;1;2;3;4;5
1015193472;1;2;3;4;5
101527064;1;2;3;4;5
1015278367;1;2;3;4;5
1015293908;1;2;3;4;5
1015294735;1;2;3;4;5
1015330146;1;2;3;4;5
10153434740;1;2;3;4;5
10153521822;1;2;3;4;5
101536486;1;2;3;4;5
10154762096;1;2;3;4;5
10156111832;1;2;3;4;5
1015634011;1;2;3;4;5
10158092840;1;2;3;4;5
101583496;1;2;3;4;5
1015845449;1;2;3;4;5
10159487382;1;2;3;4;5
10160857926;1;2;3;4;5
10162802536;1;2;3;4;5
10164375202;1;2;3;4;5
1016443470;1;2;3;4;5
10164513493;1;2;3;4;5
1016460069;1;2;3;4;5
10164632440;1;2;3;4;5
101648052;1;2;3;4;5
1016485625;1;2;3;4;5
1016552578;1;2;3;4;5
10166011654;1;2;3;4;5
1016643529;1;2;3;4;5
1016644431;1;2;3;4;5
10166630993;1;2;3;4;5
10167119630;1;2;3;4;5
10168081110;1;2;3;4;5
1016877079;1;2;3;4;5
10169099300;1;2;3;4;5
1016923490;1;2;3;4;5
1016933805;1;2;3;4;5
10170590254;1;2;3;4;5
101710829;1;2;3;4;5
10172236971;1;2;3;4;5
1017270426;1;2;3;4;5
1017358180;1;2;3;4;5
1017380381;1;2;3;4;5
1017403421;1;2;3;4;5
1017455404;1;2;3;4;5
10175381149;1;2;3;4;5
101761209;1;2;3;4;5
10176281239;1;2;3;4;5
101766791;1;2;3;4;5
1017687078;1;2;3;4;5
101775262;1;2;3;4;5
1017762799;1;2;3;4;5
10177758227;1;2;3;4;5
101780318;1;2;3;4;5
1017807380;1;2;3;4;5
101788262;1;2;3;4;5
1017900950;1;2;3;4;5
1017903532;1;2;3;4;5
101795192;1;2;3;4;5
10180151409;1;2;3;4;5
101804979;1;2;3;4;5
10180997055;1;2;3;4;5
101813408;1;2;3;4;5
101814885;1;2;3;4;5
10181598715;1;2;3;4;5
10181990503;1;2;3;4;5
101823084;1;2;3;4;5
1018260237;1;2;3;4;5
10183424985;1;2;3;4;5
10183865847;1;2;3;4;5
101844255;1;2;3;4;5
10184573146;1;2;3;4;5
10185403905;1;2;3;4;5
101855354;1;2;3;4;5
1018581956;1;2;3;4;5
1018585473;1;2;3;4;5
1018619666;1;2;3;4;5
10186238477;1;2;3;4;5
101868440;1;2;3;4;5
10188730863;1;2;3;4;5
1018874798;1;2;3;4;5
10189391279;1;2;3;4;5
101894061;1;2;3;4;5
10190538020;1;2;3;4;5
101909090;1;2;3;4;5
1019120433;1;2;3;4;5
10191586590;1;2;3;4;5
1019180338;1;2;3;4;5
101929190;1;2;3;4;5
1019310398;1;2;3;4;5
1019325251;1;2;3;4;5
10193513456;1;2;3;4;5
101936615;1;2;3;4;5
101945952;1;2;3;4;5
101951568;1;2;3;4;5
10195179367;1;2;3;4;5
101952633;1;2;3;4;5
1019566280;1;2;3;4;5
10196338259;1;2;3;4;5
101973625;1;2;3;4;5
10197494193;1;2;3;4;5
10199004451;1;2;3;4;5
1019942208;1;2;3;4;5
10199920565;1;2;3;4;5
1020077584;1;2;3;4;5
1020202079;1;2;3;4;5
10202384167;1;2;3;4;5
10202807048;1;2;3;4;5
1020328045;1;2;3;4;5
102042358;1;2;3;4;5
1020432680;1;2;3;4;5
1020441083;1;2;3;4;5
10205042131;1;2;3;4;5
1020709312;1;2;3;4;5
1020710320;1;2;3;4;5
10208645306;1;2;3;4;5
10209215289;1;2;3;4;5
1020972081;1;2;3;4;5
1021081508;1;2;3;4;5
1021090965;1;2;3;4;5
1021111359;1;2;3;4;5
10211421150;1;2;3;4;5
1021322922;1;2;3;4;5
10213714210;1;2;3;4;5
1021459184;1;2;3;4;5
102150187;1;2;3;4;5
10217770456;1;2;3;4;5
102181326;1;2;3;4;5
102210510;1;2;3;4;5
102220757;1;2;3;4;5
1022208523;1;2;3;4;5
1022223242;1;2;3;4;5
10222333465;1;2;3;4;5
1022280120;1;2;3;4;5
10222914974;1;2;3;4;5
102237119;1;2;3;4;5
1022376334;1;2;3;4;5
102238969;1;2;3;4;5
1022407903;1;2;3;4;5
1022426407;1;2;3;4;5
1022437003;1;2;3;4;5
10224430045;1;2;3;4;5
1022463067;1;2;3;4;5
10225231922;1;2;3;4;5
10226425071;1;2;3;4;5
1022667760;1;2;3;4;5
10226696706;1;2;3;4;5
10227558516;1;2;3;4;5
10228978426;1;2;3;4;5
10229445630;1;2;3;4;5
1023084535;1;2;3;4;5
10231227653;1;2;3;4;5
1023201806;1;2;3;4;5
1023206340;1;2;3;4;5
10232322699;1;2;3;4;5
10232365825;1;2;3;4;5
10233266916;1;2;3;4;5
10234067765;1;2;3;4;5
102340951;1;2;3;4;5
10234471179;1;2;3;4;5
10235724461;1;2;3;4;5
1023575036;1;2;3;4;5
1023577093;1;2;3;4;5
1023617207;1;2;3;4;5
1023669480;1;2;3;4;5
1023754947;1;2;3;4;5
10237571901;1;2;3;4;5
102375965;1;2;3;4;5
10237647056;1;2;3;4;5
102380024;1;2;3;4;5
10238349919;1;2;3;4;5
1023856894;1;2;3;4;5
1024011835;1;2;3;4;5
1024020411;1;2;3;4;5
10240644512;1;2;3;4;5
1024091636;1;2;3;4;5
10241112084;1;2;3;4;5
10241184096;1;2;3;4;5
1024127705;1;2;3;4;5
102416171;1;2;3;4;5
10241886842;1;2;3;4;5
10243160449;1;2;3;4;5
1024427629;1;2;3;4;5
10244441862;1;2;3;4;5
102445610;1;2;3;4;5
10244735834;1;2;3;4;5
10244988935;1;2;3;4;5
10245173622;1;2;3;4;5
10245662256;1;2;3;4;5
102466557;1;2;3;4;5
102468381;1;2;3;4;5
1024709259;1;2;3;4;5
10247549025;1;2;3;4;5
10248294364;1;2;3;4;5
102486106;1;2;3;4;5
10250514193;1;2;3;4;5
1025055791;1;2;3;4;5
10250724459;1;2;3;4;5
10253725427;1;2;3;4;5
10254247895;1;2;3;4;5
1025425805;1;2;3;4;5
10254386688;1;2;3;4;5
10255098982;1;2;3;4;5
1025565830;1;2;3;4;5
1025656754;1;2;3;4;5
10256743697;1;2;3;4;5
10256923851;1;2;3;4;5
1025697526;1;2;3;4;5
1025718557;1;2;3;4;5
1025765438;1;2;3;4;5
102579250;1;2;3;4;5
10257941043;1;2;3;4;5
10259840986;1;2;3;4;5
102598734;1;2;3;4;5
10260022094;1;2;3;4;5
10260087845;1;2;3;4;5
1026026589;1;2;3;4;5
10260937035;1;2;3;4;5
10261435747;1;2;3;4;5
10262320297;1;2;3;4;5
102631826;1;2;3;4;5
10263530503;1;2;3;4;5
10263557279;1;2;3;4;5
10265096521;1;2;3;4;5
10265189;1;2;3;4;5
1026776926;1;2;3;4;5
1026955430;1;2;3;4;5
1026982100;1;2;3;4;5
1027074387;1;2;3;4;5
10270909118;1;2;3;4;5
102711218;1;2;3;4;5
10271399769;1;2;3;4;5
10271777915;1;2;3;4;5
10272249748;1;2;3;4;5
10272295775;1;2;3;4;5
10274244410;1;2;3;4;5
102747108;1;2;3;4;5
10274792671;1;2;3;4;5
102752991;1;2;3;4;5
10275765099;1;2;3;4;5
10276145990;1;2;3;4;5
10276671746;1;2;3;4;5
10276689774;1;2;3;4;5
10277531113;1;2;3;4;5
1027848645;1;2;3;4;5
102791496;1;2;3;4;5
10279218001;1;2;3;4;5
1028001787;1;2;3;4;5
102813367;1;2;3;4;5
1028159158;1;2;3;4;5
102815942;1;2;3;4;5
1028167848;1;2;3;4;5
1028260569;1;2;3;4;5
10282900739;1;2;3;4;5
1028313026;1;2;3;4;5
1028439108;1;2;3;4;5
102850681;1;2;3;4;5
1028568580;1;2;3;4;5
10286400526;1;2;3;4;5
10286501410;1;2;3;4;5
10289010364;1;2;3;4;5
10289164220;1;2;3;4;5
10289198850;1;2;3;4;5
1028980542;1;2;3;4;5
10289908812;1;2;3;4;5
102904783;1;2;3;4;5
102907290;1;2;3;4;5
1029283131;1;2;3;4;5
1029326587;1;2;3;4;5
102954174;1;2;3;4;5
10295830201;1;2;3;4;5
1029700190;1;2;3;4;5
102972021;1;2;3;4;5
10297428276;1;2;3;4;5
1029775294;1;2;3;4;5
10298666418;1;2;3;4;5
10299995800;1;2;3;4;5
103002654;2;3;4;5
1030078896;1;2;3;4;5
10301234781;1;2;3;4;5
10301766248;1;2;3;4;5
103018177;1;2;3;4;5
10303105609;1;2;3;4;5
1030313400;1;2;3;4;5
10303275981;1;2;3;4;5
103032834;1;2;3;4;5
1030346103;1;2;3;4;5
1030372901;1;2;3;4;5
10304054398;1;2;3;4;5
10304280685;1;2;3;4;5
10304438024;1;2;3;4;5
10304512272;1;2;3;4;5
103048304;1;2;3;4;5
10305079273;1;2;3;4;5
1030518184;1;2;3;4;5
1030557604;1;2;3;4;5
1030615426;1;2;3;4;5
10306681201;1;2;3;4;5
10307297347;1;2;3;4;5
10307733096;1;2;3;4;5
10308521045;1;2;3;4;5
1030854677;1;2;3;4;5
103095509;1;2;3;4;5
1031058507;1;2;3;4;5
10310812720;1;2;3;4;5
10310877516;1;2;3;4;5
10311434306;1;2;3;4;5
1031291462;1;2;3;4;5
1031292744;1;2;3;4;5
10313106199;1;2;3;4;5
10313471063;1;2;3;4;5
1031387480;1;2;3;4;5
10314176;1;2;3;4;5
10315041374;1;2;3;4;5
1031619111;1;2;3;4;5
1031626588;1;2;3;4;5
1031686939;1;2;3;4;5
10316885444;1;2;3;4;5
1031824265;1;2;3;4;5
10318867127;1;2;3;4;5
1031921343;1;2;3;4;5
10319287853;1;2;3;4;5
10319624036;1;2;3;4;5
10320423968;1;2;3;4;5
1032093953;1;2;3;4;5
10321904730;1;2;3;4;5
1032317314;1;2;3;4;5
103242116;1;2;3;4;5
103244154;1;2;3;4;5
103244978;1;2;3;4;5
1032465901;1;2;3;4;5
1032506183;1;2;3;4;5
103252541;1;2;3;4;5
1032525671;1;2;3;4;5
10325444064;1;2;3;4;5
10325851575;1;2;3;4;5
10326593256;1;2;3;4;5
103266172;1;2;3;4;5
103268519;1;2;3;4;5
10328714485;1;2;3;4;5
103289236;1;2;3;4;5
10329001714;1;2;3;4;5
10331927110;1;2;3;4;5
103323878;1;2;3;4;5
10332540546;1;2;3;4;5
10333100840;1;2;3;4;5
10333407305;1;2;3;4;5
1033427811;1;2;3;4;5
103347863;1;2;3;4;5
10335018265;1;2;3;4;5
1033598506;1;2;3;4;5
10336236194;1;2;3;4;5
103362567;1;2;3;4;5
1033642930;1;2;3;4;5
10337215024;1;2;3;4;5
1033729668;1;2;3;4;5
10338509677;1;2;3;4;5
10338907058;1;2;3;4;5
1033897553;1;2;3;4;5
10339158946;1;2;3;4;5
10340034443;1;2;3;4;5
10340282118;1;2;3;4;5
103404629;1;2;3;4;5
10341400164;1;2;3;4;5
103415007;1;2;3;4;5
10341894018;1;2;3;4;5
10342698979;1;2;3;4;5
103427066;1;2;3;4;5
1034361103;1;2;3;4;5
103446685;1;2;3;4;5
10344691994;1;2;3;4;5
10344699825;1;2;3;4;5
103448893;1;2;3;4;5
10345741199;1;2;3;4;5
103479933;1;2;3;4;5
1034908058;1;2;3;4;5
103493549;1;2;3;4;5
10349407062;1;2;3;4;5
103500310;1;2;3;4;5
10350600524;1;2;3;4;5
103508516;1;2;3;4;5
1035116866;1;2;3;4;5
1035148054;1;2;3;4;5
10352643739;1;2;3;4;5
10353439218;1;2;3;4;5
1035352082;1;2;3;4;5
103543243;1;2;3;4;5
10354834999;1;2;3;4;5
103563696;1;2;3;4;5
10356388726;1;2;3;4;5
1035675679;1;2;3;4;5
10356892619;1;2;3;4;5
10356913266;1;2;3;4;5
10357978671;1;2;3;4;5
103584510;1;2;3;4;5
103585426;1;2;3;4;5
10360065858;1;2;3;4;5
103604560;1;2;3;4;5
10361620584;1;2;3;4;5
1036327636;1;2;3;4;5
10364049457;1;2;3;4;5
103640572;1;2;3;4;5
1036489627;1;2;3;4;5
10365703225;1;2;3;4;5
103657082;1;2;3;4;5
1036582087;1;2;3;4;5
10366308351;1;2;3;4;5
1036683462;1;2;3;4;5
103675763;1;2;3;4;5
10368179007;1;2;3;4;5
10368229670;1;2;3;4;5
103686954;1;2;3;4;5
103687885;1;2;3;4;5
1036928453;1;2;3;4;5
10370615859;1;2;3;4;5
1037326407;1;2;3;4;5
103742888;1;2;3;4;5
1037488890;1;2;3;4;5
10375231936;1;2;3;4;5
10375717288;1;2;3;4;5
1037630370;1;2;3;4;5
10376341718;1;2;3;4;5
1037651468;1;2;3;4;5
103775909;1;2;3;4;5
10378767019;1;2;3;4;5
1037914704;1;2;3;4;5
1037984334;1;2;3;4;5
103806016;1;2;3;4;5
103822383;1;2;3;4;5
1038250587;1;2;3;4;5
103828412;1;2;3;4;5
1038335295;1;2;3;4;5
1038483614;1;2;3;4;5
10385947266;1;2;3;4;5
103861647;1;2;3;4;5
10386541846;1;2;3;4;5
1038683239;1;2;3;4;5
103885330;1;2;3;4;5
10389142954;1;2;3;4;5
1038933041;1;2;3;4;5
10389643032;1;2;3;4;5
1038991954;1;2;3;4;5
103901000;1;2;3;4;5
103903884;1;2;3;4;5
1039046767;1;2;3;4;5
103911058;1;2;3;4;5
103921384;1;2;3;4;5
1039244553;1;2;3;4;5
1039249422;1;2;3;4;5
10392854807;1;2;3;4;5
1039288401;1;2;3;4;5
10393562152;1;2;3;4;5
10394037311;1;2;3;4;5
10395455904;1;2;3;4;5
10395933625;1;2;3;4;5
10396435859;1;2;3;4;5
10396579656;1;2;3;4;5
10397494168;1;2;3;4;5
103988977;1;2;3;4;5
10399150906;1;2;3;4;5
103996479;1;2;3;4;5
1039975037;1;2;3;4;5
10400577131;1;2;3;4;5
1040064871;1;2;3;4;5
10401645052;1;2;3;4;5
1040180869;1;2;3;4;5
10401946964;1;2;3;4;5
10402011615;1;2;3;4;5
10402185163;1;2;3;4;5
10402335888;1;2;3;4;5
10402664454;1;2;3;4;5
1040325673;1;2;3;4;5
1040335789;1;2;3;4;5
10404671723;1;2;3;4;5
104052330;1;2;3;4;5
104056585;1;2;3;4;5
104063474;1;2;3;4;5
1040699241;1;2;3;4;5
10408054113;1;2;3;4;5
104088535;1;2;3;4;5
104095634;1;2;3;4;5
10411140532;1;2;3;4;5
10411259819;1;2;3;4;5
10411494852;1;2;3;4;5
10412074374;1;2;3;4;5
1041274225;1;2;3;4;5
1041275630;1;2;3;4;5
1041373487;1;2;3;4;5
104138744;1;2;3;4;5
1041490180;1;2;3;4;5
10415118703;1;2;3;4;5
1041536768;1;2;3;4;5
10416178334;1;2;3;4;5
1041650720;1;2;3;4;5
1041688012;1;2;3;4;5
104177207;1;2;3;4;5
1041843896;1;2;3;4;5
10418504921;1;2;3;4;5
10419577286;1;2;3;4;5
104201296;1;2;3;4;5
10420536161;1;2;3;4;5
10420842557;1;2;3;4;5
10421072169;1;2;3;4;5
10421393830;1;2;3;4;5
10421520306;1;2;3;4;5
104226634;1;2;3;4;5
1042278099;1;2;3;4;5
1042329639;1;2;3;4;5
104236192;1;2;3;4;5
10425070;1;2;3;4;5
10425525758;1;2;3;4;5
10426125232;1;2;3;4;5
1042641085;1;2;3;4;5
10426865362;1;2;3;4;5
104281108;1;2;3;4;5
10428450073;1;2;3;4;5
10428865756;1;2;3;4;5
1042892315;1;2;3;4;5
104292126;1;2;3;4;5
104295586;1;2;3;4;5
1042969252;1;2;3;4;5
1043086848;1;2;3;4;5
104318777;1;2;3;4;5
104321694;1;2;3;4;5
10432672526;1;2;3;4;5
10433701950;1;2;3;4;5
104342916;1;2;3;4;5
104343226;1;2;3;4;5
1043447686;1;2;3;4;5
1043495203;1;2;3;4;5
10435418827;1;2;3;4;5
1043552512;1;2;3;4;5
1043568161;1;2;3;4;5
1043582861;1;2;3;4;5
104361079;1;2;3;4;5
104369823;1;2;3;4;5
104380408;1;2;3;4;5
10438505975;1;2;3;4;5
1043879387;1;2;3;4;5
10438975411;1;2;3;4;5
104396715;1;2;3;4;5
1043997362;1;2;3;4;5
1044024566;1;2;3;4;5
104409425;1;2;3;4;5
104410410;1;2;3;4;5
10441814778;1;2;3;4;5
104421930;1;2;3;4;5
10442329281;1;2;3;4;5
1044323098;1;2;3;4;5
10443903492;1;2;3;4;5
10444343312;1;2;3;4;5
1044524049;1;2;3;4;5
10445283446;1;2;3;4;5
10445628917;1;2;3;4;5
1044579940;1;2;3;4;5
10446942795;1;2;3;4;5
10447374660;1;2;3;4;5
104476354;1;2;3;4;5
104478752;1;2;3;4;5
104484566;1;2;3;4;5
10449702732;1;2;3;4;5
104503173;1;2;3;4;5
10450505891;1;2;3;4;5
104505213;1;2;3;4;5
104532267;1;2;3;4;5
104532919;1;2;3;4;5
10453357143;1;2;3;4;5
10453575289;1;2;3;4;5
10454614834;1;2;3;4;5
10454672157;1;2;3;4;5
10456336753;1;2;3;4;5
1045691056;1;2;3;4;5
1045693029;1;2;3;4;5
10456972517;1;2;3;4;5
1045707217;1;2;3;4;5
10457472000;1;2;3;4;5
104578890;1;2;3;4;5
1045825113;1;2;3;4;5
10459711763;1;2;3;4;5
1046102723;1;2;3;4;5
10462114597;1;2;3;4;5
1046232847;1;2;3;4;5
1046350633;1;2;3;4;5
10463725951;1;2;3;4;5
1046375059;1;2;3;4;5
1046423909;1;2;3;4;5
1046455710;1;2;3;4;5
10465363222;1;2;3;4;5
104666785;1;2;3;4;5
10466904275;1;2;3;4;5
104675076;1;2;3;4;5
1046907754;1;2;3;4;5
104695657;1;2;3;4;5
10469876705;1;2;3;4;5
104699378;1;2;3;4;5
10470749554;1;2;3;4;5
10471218166;1;2;3;4;5
1047136646;1;2;3;4;5
10471472761;1;2;3;4;5
1047213212;1;2;3;4;5
1047272785;1;2;3;4;5
1047397763;1;2;3;4;5
104742450;1;2;3;4;5
1047464418;1;2;3;4;5
1047476409;1;2;3;4;5
104749164;1;2;3;4;5
104751825;1;2;3;4;5
104755873;1;2;3;4;5
1047563233;1;2;3;4;5
1047574231;1;2;3;4;5
1047651951;1;2;3;4;5
104767487;1;2;3;4;5
1047758142;1;2;3;4;5
104776202;1;2;3;4;5
10477957466;1;2;3;4;5
104780032;1;2;3;4;5
10480599625;1;2;3;4;5
104810422;1;2;3;4;5
1048151603;1;2;3;4;5
1048164031;1;2;3;4;5
1048254527;1;2;3;4;5
104829621;1;2;3;4;5
10483303972;1;2;3;4;5
104834932;1;2;3;4;5
10483649517;1;2;3;4;5
1048375277;1;2;3;4;5
10484870571;1;2;3;4;5
10485743579;1;2;3;4;5
10488893287;1;2;3;4;5
1048890094;1;2;3;4;5
10489154719;1;2;3;4;5
1048936359;1;2;3;4;5
10489971007;1;2;3;4;5
104900113;1;2;3;4;5
104907981;1;2;3;4;5
1049097936;1;2;3;4;5
104937007;1;2;3;4;5
10493826950;1;2;3;4;5
10493898360;1;2;3;4;5
1049452292;1;2;3;4;5
1049559642;1;2;3;4;5
10495656527;1;2;3;4;5
1049569003;1;2;3;4;5
10496423844;1;2;3;4;5
10497062530;1;2;3;4;5
1049724849;1;2;3;4;5
10497521232;1;2;3;4;5
1049785846;1;2;3;4;5
10498238857;1;2;3;4;5
1049842970;1;2;3;4;5
10498477925;1;2;3;4;5
104997692;1;2;3;4;5
1050214397;1;2;3;4;5
105025804;1;2;3;4;5
10502959408;1;2;3;4;5
105047835;1;2;3;4;5
1050585842;1;2;3;4;5
1050781141;1;2;3;4;5
105087765;1;2;3;4;5
10509010676;1;2;3;4;5
10509717626;1;2;3;4;5
1050975706;1;2;3;4;5
10510219660;1;2;3;4;5
105105988;1;2;3;4;5
105106310;1;2;3;4;5
10511919888;1;2;3;4;5
105119814;1;2;3;4;5
105123578;1;2;3;4;5
1051283076;1;2;3;4;5
10514207028;1;2;3;4;5
10514282234;1;2;3;4;5
10514954154;1;2;3;4;5
105152771;1;2;3;4;5
1051539404;1;2;3;4;5
10516530187;1;2;3;4;5
1051774427;1;2;3;4;5
1051846082;1;2;3;4;5
105184926;1;2;3;4;5
105187434;1;2;3;4;5
105197298;1;2;3;4;5
10520900059;1;2;3;4;5
1052242633;1;2;3;4;5
1052311018;1;2;3;4;5
10523472550;1;2;3;4;5
1052421167;1;2;3;4;5
1052447520;1;2;3;4;5
10524599986;1;2;3;4;5
1052538630;1;2;3;4;5
1052626520;1;2;3;4;5
10527629799;1;2;3;4;5
1053083351;1;2;3;4;5
1053192381;1;2;3;4;5
105345133;1;2;3;4;5
105365137;1;2;3;4;5
10536967503;1;2;3;4;5
10537858959;1;2;3;4;5
10538043730;1;2;3;4;5
10538118451;1;2;3;4;5
105384458;1;2;3;4;5
105387416;1;2;3;4;5
105389532;1;2;3;4;5
1053915279;1;2;3;4;5
1054063241;1;2;3;4;5
105412457;1;2;3;4;5
105423059;1;2;3;4;5
105424537;1;2;3;4;5
1054248398;1;2;3;4;5
1054322974;1;2;3;4;5
105439597;1;2;3;4;5
1054454073;1;2;3;4;5
1054470453;1;2;3;4;5
10545183322;1;2;3;4;5
10546971425;1;2;3;4;5
1054731040;1;2;3;4;5
1054801215;1;2;3;4;5
10549016414;1;2;3;4;5
1054971414;1;2;3;4;5
105509665;1;2;3;4;5
1055376180;1;2;3;4;5
10556209631;1;2;3;4;5
10557364333;1;2;3;4;5
1055835533;1;2;3;4;5
1056063173;1;2;3;4;5
1056221020;1;2;3;4;5
105628181;1;2;3;4;5
10563152682;1;2;3;4;5
10563679110;1;2;3;4;5
105637795;1;2;3;4;5
1056442690;1;2;3;4;5
10565363989;1;2;3;4;5
10565723545;1;2;3;4;5
105666043;1;2;3;4;5
1056758689;1;2;3;4;5
105675967;1;2;3;4;5
10570472377;1;2;3;4;5
1057178729;1;2;3;4;5
10571842804;1;2;3;4;5
105721950;1;2;3;4;5
1057334990;1;2;3;4;5
1057350615;1;2;3;4;5
10573904631;1;2;3;4;5
1057409225;1;2;3;4;5
1057453243;1;2;3;4;5
1057498930;1;2;3;4;5
10575628285;1;2;3;4;5
1057609595;1;2;3;4;5
10576629462;1;2;3;4;5
1057730982;1;2;3;4;5
1057872711;1;2;3;4;5
1057873055;1;2;3;4;5
1057913279;1;2;3;4;5
10580160132;1;2;3;4;5
1058036660;1;2;3;4;5
10581431821;1;2;3;4;5
10581510321;1;2;3;4;5
10581578965;1;2;3;4;5
1058251672;1;2;3;4;5
1058288131;1;2;3;4;5
105834082;1;2;3;4;5
1058400297;1;2;3;4;5
1058495856;1;2;3;4;5
105851969;1;2;3;4;5
105855079;1;2;3;4;5
1058566377;1;2;3;4;5
10586225196;1;2;3;4;5
1058781226;1;2;3;4;5
10589962714;1;2;3;4;5
1059038296;1;2;3;4;5
10590637122;1;2;3;4;5
1059332573;1;2;3;4;5
105936798;1;2;3;4;5
10594077462;1;2;3;4;5
10594815733;1;2;3;4;5
1059503220;1;2;3;4;5
1059507769;1;2;3;4;5
105962554;1;2;3;4;5
105970200;1;2;3;4;5
10597402421;1;2;3;4;5
105974805;1;2;3;4;5
10597799272;1;2;3;4;5
10598410943;1;2;3;4;5
10599327661;1;2;3;4;5
1059934095;1;2;3;4;5
1060182837;1;2;3;4;5
1060259000;1;2;3;4;5
1060396135;1;2;3;4;5
10604224350;1;2;3;4;5
1060434042;1;2;3;4;5
1060483746;1;2;3;4;5
1060493519;1;2;3;4;5
1060524035;1;2;3;4;5
10605263323;1;2;3;4;5
10605900860;1;2;3;4;5
1060682751;1;2;3;4;5
10607429235;1;2;3;4;5
10608449352;1;2;3;4;5
106088352;1;2;3;4;5
1060885924;1;2;3;4;5
10611971349;1;2;3;4;5
1061313767;1;2;3;4;5
1061346427;1;2;3;4;5
10614774324;1;2;3;4;5
10615032241;1;2;3;4;5
10615705464;1;2;3;4;5
10616125594;1;2;3;4;5
10616468824;1;2;3;4;5
1061655726;1;2;3;4;5
106166129;1;2;3;4;5
1061717177;1;2;3;4;5
10618033190;1;2;3;4;5
10618134722;1;2;3;4;5
10618751743;1;2;3;4;5
106199210;1;2;3;4;5
106210495;1;2;3;4;5
106210849;1;2;3;4;5
10623371563;1;2;3;4;5
10623815116;1;2;3;4;5
10624210645;1;2;3;4;5
106244210;1;2;3;4;5
1062509225;1;2;3;4;5
1062556653;1;2;3;4;5
10626654618;1;2;3;4;5
10627249212;1;2;3;4;5
106273559;1;2;3;4;5
1062875464;1;2;3;4;5
10630046119;1;2;3;4;5
1063165480;1;2;3;4;5
106319269;1;2;3;4;5
1063471657;1;2;3;4;5
106373294;1;2;3;4;5
1063774131;1;2;3;4;5
1063980777;1;2;3;4;5
1064034017;1;2;3;4;5
10640584390;1;2;3;4;5
10641372920;1;2;3;4;5
106420662;1;2;3;4;5
106422720;1;2;3;4;5
10643002004;1;2;3;4;5
106430643;1;2;3;4;5
106431405;1;2;3;4;5
1064330225;1;2;3;4;5
1064331896;1;2;3;4;5
106440156;1;2;3;4;5
106440168;1;2;3;4;5
106441445;1;2;3;4;5
1064430146;1;2;3;4;5
106443940;1;2;3;4;5
10644719469;1;2;3;4;5
106450169;1;2;3;4;5
106454431;1;2;3;4;5
106454859;1;2;3;4;5
106458852;1;2;3;4;5
106460347;1;2;3;4;5
106463823;1;2;3;4;5
106464450;1;2;3;4;5
106466511;1;2;3;4;5
106469972;1;2;3;4;5
106471323;1;2;3;4;5
106473785;1;2;3;4;5
10647418634;1;2;3;4;5
106476522;1;2;3;4;5
1064807410;1;2;3;4;5
106481273;1;2;3;4;5
10648510594;1;2;3;4;5
106492281;1;2;3;4;5
1064949551;1;2;3;4;5
106497592;1;2;3;4;5
106498374;1;2;3;4;5
106504812;1;2;3;4;5
1065057447;1;2;3;4;5
106505779;1;2;3;4;5
106506455;1;2;3;4;5
106510741;1;2;3;4;5
106514707;1;2;3;4;5
10651776475;1;2;3;4;5
106520507;1;2;3;4;5
10653149210;1;2;3;4;5
1065355212;1;2;3;4;5
10654673879;1;2;3;4;5
1065492968;1;2;3;4;5
10655529258;1;2;3;4;5
10656043770;1;2;3;4;5
106575025;1;2;3;4;5
106576569;1;2;3;4;5
106578379;1;2;3;4;5
1065803500;1;2;3;4;5
106583333;1;2;3;4;5
106586069;1;2;3;4;5
10658760559;1;2;3;4;5
106591605;1;2;3;4;5
106599229;1;2;3;4;5
1065994095;1;2;3;4;5
1066006834;1;2;3;4;5
106606979;1;2;3;4;5
106607857;1;2;3;4;5
106611533;1;2;3;4;5
106616319;1;2;3;4;5
1066171;1;2;3;4;5
106617276;1;2;3;4;5
106620003;1;2;3;4;5
1066205545;1;2;3;4;5
1066222028;1;2;3;4;5
106622690;1;2;3;4;5
1066303476;1;2;3;4;5
106634467;1;2;3;4;5
106634764;1;2;3;4;5
106638976;1;2;3;4;5
106639191;1;2;3;4;5
106640766;1;2;3;4;5
106645965;1;2;3;4;5
1066489860;1;2;3;4;5
106652131;1;2;3;4;5
106667342;1;2;3;4;5
106667608;1;2;3;4;5
106668930;1;2;3;4;5
10666897382;1;2;3;4;5
106669067;1;2;3;4;5
106672719;1;2;3;4;5
10667293293;1;2;3;4;5
10670506024;1;2;3;4;5
10670816634;1;2;3;4;5
106713457;1;2;3;4;5
106733862;1;2;3;4;5
10673409316;1;2;3;4;5
10673524958;1;2;3;4;5
10674319392;1;2;3;4;5
1067513000;1;2;3;4;5
106758932;1;2;3;4;5
106760385;1;2;3;4;5
106763414;1;2;3;4;5
106764831;1;2;3;4;5
106769034;1;2;3;4;5
106774835;1;2;3;4;5
106781384;1;2;3;4;5
106785104;1;2;3;4;5
106787738;1;2;3;4;5
1067956628;1;2;3;4;5
1067959963;1;2;3;4;5
106800734;1;2;3;4;5
106801778;1;2;3;4;5
10681574208;1;2;3;4;5
106823242;1;2;3;4;5
106823323;1;2;3;4;5
106827204;1;2;3;4;5
1068344697;1;2;3;4;5
10683586669;1;2;3;4;5
106835898;1;2;3;4;5
10684422331;1;2;3;4;5
106847280;1;2;3;4;5
106849005;1;2;3;4;5
106850499;1;2;3;4;5
10685210558;1;2;3;4;5
106854903;1;2;3;4;5
106859643;1;2;3;4;5
1068643875;1;2;3;4;5
10687091928;1;2;3;4;5
106873825;1;2;3;4;5
10687470866;1;2;3;4;5
10687953086;1;2;3;4;5
106898125;1;2;3;4;5
106898765;1;2;3;4;5
10689878453;1;2;3;4;5
106904956;1;2;3;4;5
10690719127;1;2;3;4;5
1069099455;1;2;3;4;5
106911510;1;2;3;4;5
1069152579;1;2;3;4;5
1069211244;1;2;3;4;5
1069258351;1;2;3;4;5
10692620291;1;2;3;4;5
1069262980;1;2;3;4;5
10692789502;1;2;3;4;5
106930169;1;2;3;4;5
106939352;1;2;3;4;5
10694390269;1;2;3;4;5
1069455692;1;2;3;4;5
1069472633;1;2;3;4;5
106951574;1;2;3;4;5
106955264;1;2;3;4;5
106970487;1;2;3;4;5
106977793;1;2;3;4;5
106980396;1;2;3;4;5
106980822;1;2;3;4;5
10698350068;1;2;3;4;5
1069873471;1;2;3;4;5
106994016;1;2;3;4;5
1070108405;1;2;3;4;5
1070108557;1;2;3;4;5
107011478;1;2;3;4;5
10701817418;1;2;3;4;5
1070200933;1;2;3;4;5
10703089267;1;2;3;4;5
1070367425;1;2;3;4;5
1070408050;1;2;3;4;5
107044742;1;2;3;4;5
10704980863;1;2;3;4;5
107050253;1;2;3;4;5
107052290;1;2;3;4;5
107057444;1;2;3;4;5
107058555;1;2;3;4;5
107061437;1;2;3;4;5
107068039;1;2;3;4;5
1070695971;1;2;3;4;5
107071303;1;2;3;4;5
107092087;1;2;3;4;5
1071124642;1;2;3;4;5
10712096;1;2;3;4;5
1071253896;1;2;3;4;5
107128987;1;2;3;4;5
107131888;1;2;3;4;5
1071322091;1;2;3;4;5
107138306;1;2;3;4;5
107139814;1;2;3;4;5
107140658;1;2;3;4;5
107142280;1;2;3;4;5
107156738;1;2;3;4;5
10716072;1;2;3;4;5
1071735715;1;2;3;4;5
1071769927;1;2;3;4;5
107179416;1;2;3;4;5
107186477;1;2;3;4;5
107191164;1;2;3;4;5
107193107;1;2;3;4;5
107194942;1;2;3;4;5
107198599;1;2;3;4;5
107201660;1;2;3;4;5
107209924;2;3;4;5
1072127964;1;2;3;4;5
107214531;1;2;3;4;5
107215371;1;2;3;4;5
1072160624;1;2;3;4;5
107226514;1;2;3;4;5
107239297;1;2;3;4;5
107243798;1;2;3;4;5
107253300;1;2;3;4;5
107253791;1;2;3;4;5
107257040;1;2;3;4;5
1072624867;1;2;3;4;5
107269608;1;2;3;4;5
107277418;1;2;3;4;5
1072781922;1;2;3;4;5
1072863849;1;2;3;4;5
1072917767;1;2;3;4;5
107291812;1;2;3;4;5
1072971378;1;2;3;4;5
107325434;1;2;3;4;5
1073255949;1;2;3;4;5
107334808;1;2;3;4;5
107337080;1;2;3;4;5
107344510;1;2;3;4;5
107348356;1;2;3;4;5
1073531460;1;2;3;4;5
107359253;1;2;3;4;5
107373215;1;2;3;4;5
107378418;1;2;3;4;5
107380688;1;2;3;4;5
1073812855;1;2;3;4;5
107381980;1;2;3;4;5
1073842201;1;2;3;4;5
107387583;1;2;3;4;5
1073977060;1;2;3;4;5
107403398;1;2;3;4;5
107420120;1;2;3;4;5
1074289541;1;2;3;4;5
107429406;1;2;3;4;5
107431000;1;2;3;4;5
107434611;1;2;3;4;5
107438745;1;2;3;4;5
107439198;1;2;3;4;5
107442309;1;2;3;4;5
1074471104;1;2;3;4;5
107447340;1;2;3;4;5
107448006;1;2;3;4;5
107453235;1;2;3;4;5
107453732;1;2;3;4;5
10745553;1;2;3;4;5
107456029;1;2;3;4;5
1074714777;1;2;3;4;5
107479749;1;2;3;4;5
107498946;1;2;3;4;5
107500262;1;2;3;4;5
107504890;1;2;3;4;5
107505161;1;2;3;4;5
1075055664;1;2;3;4;5
1075078299;1;2;3;4;5
107511285;1;2;3;4;5
107511635;1;2;3;4;5
1075118416;1;2;3;4;5
1075158683;1;2;3;4;5
1075470573;1;2;3;4;5
107548679;1;2;3;4;5
1075579954;1;2;3;4;5
107560158;1;2;3;4;5
107575466;1;2;3;4;5
107578433;1;2;3;4;5
107582860;1;2;3;4;5
107583159;1;2;3;4;5
107589169;1;2;3;4;5
107589343;1;2;3;4;5
1076024560;1;2;3;4;5
1076155732;1;2;3;4;5
107639182;1;2;3;4;5
107643989;1;2;3;4;5
1076526773;1;2;3;4;5
1076538786;1;2;3;4;5
107660299;1;2;3;4;5
107667484;1;2;3;4;5
107676561;1;2;3;4;5
1076855549;1;2;3;4;5
1076865417;1;2;3;4;5
1076922357;1;2;3;4;5
1077215071;1;2;3;4;5
107749048;1;2;3;4;5
107751734;1;2;3;4;5
107759615;1;2;3;4;5
107765548;1;2;3;4;5
107772079;1;2;3;4;5
1077766926;1;2;3;4;5
107780578;1;2;3;4;5
107820037;1;2;3;4;5
107820100;1;2;3;4;5
1078207975;1;2;3;4;5
1078324590;1;2;3;4;5
107833214;1;2;3;4;5
107845473;1;2;3;4;5
107847293;1;2;3;4;5
1078515259;1;2;3;4;5
107859827;1;2;3;4;5
107867604;1;2;3;4;5
1078762899;1;2;3;4;5
1078894491;1;2;3;4;5
107892477;1;2;3;4;5
107906343;1;2;3;4;5
1079165131;1;2;3;4;5
107917739;1;2;3;4;5
107940626;1;2;3;4;5
107943195;1;2;3;4;5
107947702;1;2;3;4;5
107948690;1;2;3;4;5
107951405;1;2;3;4;5
107953460;1;2;3;4;5
1079539198;1;2;3;4;5
107959121;1;2;3;4;5
107964870;1;2;3;4;5
107976991;1;2;3;4;5
107977195;1;2;3;4;5
1079922953;1;2;3;4;5
1079947811;1;2;3;4;5
107995708;1;2;3;4;5
1079998781;1;2;3;4;5
108028246;1;2;3;4;5
1080300893;1;2;3;4;5
108036465;1;2;3;4;5
108054454;1;2;3;4;5
108058526;2;3;4;5
1080688554;1;2;3;4;5
1080700750;1;2;3;4;5
108083525;1;2;3;4;5
1080837100;1;2;3;4;5
1080867898;1;2;3;4;5
108105218;1;2;3;4;5
1081104408;1;2;3;4;5
108111806;1;2;3;4;5
108112150;1;2;3;4;5
108118475;1;2;3;4;5
1081233780;1;2;3;4;5
1081275372;1;2;3;4;5
108128056;1;2;3;4;5
1081297608;1;2;3;4;5
1081363433;1;2;3;4;5
1081364413;1;2;3;4;5
1081418950;1;2;3;4;5
108142105;1;2;3;4;5
108147724;1;2;3;4;5
1081491239;1;2;3;4;5
108152701;1;2;3;4;5
108158709;1;2;3;4;5
108165181;1;2;3;4;5
1081757079;1;2;3;4;5
108177623;1;2;3;4;5
1082047814;1;2;3;4;5
1082107228;1;2;3;4;5
108215885;1;2;3;4;5
108226006;1;2;3;4;5
108229614;1;2;3;4;5
1082502029;1;2;3;4;5
108252250;1;2;3;4;5
108252596;1;2;3;4;5
108254125;1;2;3;4;5
108257487;1;2;3;4;5
108280847;1;2;3;4;5
108281168;1;2;3;4;5
108285565;1;2;3;4;5
108289126;1;2;3;4;5
1083092608;1;2;3;4;5
1083151323;1;2;3;4;5
108335725;1;2;3;4;5
1083468791;1;2;3;4;5
1083506050;1;2;3;4;5
1083528907;1;2;3;4;5
108375170;1;2;3;4;5
108385314;1;2;3;4;5
108399296;1;2;3;4;5
108399326;1;2;3;4;5
1084022398;1;2;3;4;5
108415645;1;2;3;4;5
10841608;1;2;3;4;5
108418535;1;2;3;4;5
1084323597;1;2;3;4;5
1084406648;1;2;3;4;5
108441509;1;2;3;4;5
108454735;1;2;3;4;5
108472223;1;2;3;4;5
1084810839;1;2;3;4;5
108481342;1;2;3;4;5
1084845320;1;2;3;4;5
108491944;1;2;3;4;5
108496;1;2;3;4;5
1084963318;1;2;3;4;5
108499893;1;2;3;4;5
1085029070;1;2;3;4;5
108503942;1;2;3;4;5
1085077846;1;2;3;4;5
108522272;1;2;3;4;5
108525982;1;2;3;4;5
1085300733;1;2;3;4;5
108535692;1;2;3;4;5
108540337;1;2;3;4;5
1085448558;1;2;3;4;5
1085644381;1;2;3;4;5
108569573;1;2;3;4;5
108577667;1;2;3;4;5
1085836273;1;2;3;4;5
1085844207;1;2;3;4;5
1085932515;1;2;3;4;5
108597772;1;2;3;4;5
108603573;1;2;3;4;5
108612747;1;2;3;4;5
1086188688;1;2;3;4;5
1086277113;1;2;3;4;5
108642552;1;2;3;4;5
108643025;1;2;3;4;5
1086534550;1;2;3;4;5
108655919;1;2;3;4;5
1086560826;1;2;3;4;5
108657540;1;2;3;4;5
108679900;1;2;3;4;5
108689736;1;2;3;4;5
1086916284;1;2;3;4;5
108693588;1;2;3;4;5
1086936785;1;2;3;4;5
108696768;1;2;3;4;5
1086975646;1;2;3;4;5
1087009379;1;2;3;4;5
1087155310;1;2;3;4;5
1087188898;1;2;3;4;5
108720140;1;2;3;4;5
1087257431;1;2;3;4;5
1087307530;1;2;3;4;5
108738453;1;2;3;4;5
1087819995;1;2;3;4;5
108806513;1;2;3;4;5
1088105774;1;2;3;4;5
1088218156;1;2;3;4;5
1088302131;1;2;3;4;5
1088432177;1;2;3;4;5
10884724;1;2;3;4;5
108848222;1;2;3;4;5
1088714802;1;2;3;4;5
108875478;1;2;3;4;5
1088776764;1;2;3;4;5
1088853725;1;2;3;4;5
108899230;1;2;3;4;5
108899651;1;2;3;4;5
108904047;1;2;3;4;5
108904090;1;2;3;4;5
108909502;1;2;3;4;5
108916721;1;2;3;4;5
108918325;1;2;3;4;5
1089186134;1;2;3;4;5
1089188718;1;2;3;4;5
108919607;1;2;3;4;5
1089331099;1;2;3;4;5
108940806;1;2;3;4;5
1089412928;1;2;3;4;5
1089444235;1;2;3;4;5
1089486219;1;2;3;4;5
108962350;1;2;3;4;5
1089752014;1;2;3;4;5
108991750;1;2;3;4;5
1089999732;1;2;3;4;5
109005871;1;2;3;4;5
109018008;1;2;3;4;5
109018640;1;2;3;4;5
109019234;1;2;3;4;5
1090284842;1;2;3;4;5
109037453;1;2;3;4;5
1090472203;1;2;3;4;5
1090647273;1;2;3;4;5
109069520;1;2;3;4;5
109079111;1;2;3;4;5
1090910493;1;2;3;4;5
109093530;1;2;3;4;5
1091129125;1;2;3;4;5
1091195762;1;2;3;4;5
1091311829;1;2;3;4;5
109136499;1;2;3;4;5
1091496048;1;2;3;4;5
109150951;1;2;3;4;5
109160453;1;2;3;4;5
1091633361;1;2;3;4;5
1091694307;1;2;3;4;5
109171573;1;2;3;4;5
1091742860;1;2;3;4;5
1091743060;1;2;3;4;5
109176623;1;2;3;4;5
109177847;1;2;3;4;5
109183658;1;2;3;4;5
1091932463;1;2;3;4;5
109193266;1;2;3;4;5
109199638;1;2;3;4;5
1092073206;1;2;3;4;5
109222739;1;2;3;4;5
1092307344;1;2;3;4;5
1092427403;1;2;3;4;5
109243680;1;2;3;4;5
1092441033;1;2;3;4;5
1092461738;1;2;3;4;5
1092648789;1;2;3;4;5
1092746687;1;2;3;4;5
1092946244;1;2;3;4;5
109298121;1;2;3;4;5
1093021940;1;2;3;4;5
1093283703;1;2;3;4;5
1093306860;1;2;3;4;5
109335392;1;2;3;4;5
109339671;1;2;3;4;5
1093497774;1;2;3;4;5
1093526924;1;2;3;4;5
1093542841;1;2;3;4;5
1093569076;1;2;3;4;5
1093660016;1;2;3;4;5
1093724426;1;2;3;4;5
109375346;2;3;4;5
109384392;1;2;3;4;5
109393807;1;2;3;4;5
109395727;1;2;3;4;5
109405504;1;2;3;4;5
109415269;1;2;3;4;5
109417425;1;2;3;4;5
1094246210;1;2;3;4;5
1094276080;1;2;3;4;5
109428941;1;2;3;4;5
1094404776;1;2;3;4;5
1094422892;1;2;3;4;5
1094586812;1;2;3;4;5
1094655421;1;2;3;4;5
1094693839;1;2;3;4;5
1094957847;1;2;3;4;5
109503047;1;2;3;4;5
1095042216;1;2;3;4;5
109537508;1;2;3;4;5
109539392;1;2;3;4;5
109557770;1;2;3;4;5
109558506;1;2;3;4;5
109583091;1;2;3;4;5
1095869986;1;2;3;4;5
109596533;1;2;3;4;5
1095998527;1;2;3;4;5
1096154432;1;2;3;4;5
109647503;1;2;3;4;5
109654931;1;2;3;4;5
109658589;1;2;3;4;5
1096611530;1;2;3;4;5
109680268;1;2;3;4;5
109682568;1;2;3;4;5
109695811;1;2;3;4;5
109697056;1;2;3;4;5
109703732;1;2;3;4;5
109708229;1;2;3;4;5
1097136875;1;2;3;4;5
109715220;1;2;3;4;5
109717790;1;2;3;4;5
10971792;1;2;3;4;5
109724171;1;2;3;4;5
1097279718;1;2;3;4;5
1097315891;1;2;3;4;5
1097398509;1;2;3;4;5
1097514855;1;2;3;4;5
109754564;1;2;3;4;5
109762338;1;2;3;4;5
109764967;1;2;3;4;5
1097797611;1;2;3;4;5
109793861;1;2;3;4;5
109797508;1;2;3;4;5
109798783;1;2;3;4;5
109827107;1;2;3;4;5
109832929;1;2;3;4;5
109835846;1;2;3;4;5
1098403925;1;2;3;4;5
109841498;1;2;3;4;5
109858611;1;2;3;4;5
1098663683;1;2;3;4;5
1098712798;1;2;3;4;5
1098746633;1;2;3;4;5
109881375;1;2;3;4;5
109888243;1;2;3;4;5
1098955701;1;2;3;4;5
109895680;1;2;3;4;5
109901361;1;2;3;4;5
1099056595;1;2;3;4;5
1099112262;1;2;3;4;5
109921481;1;2;3;4;5
109931818;1;2;3;4;5
109933502;1;2;3;4;5
1099457808;1;2;3;4;5
1099487287;1;2;3;4;5
1099661295;1;2;3;4;5
1099664670;1;2;3;4;5
1099758480;1;2;3;4;5
109977337;1;2;3;4;5
1099835311;1;2;3;4;5
1100168005;1;2;3;4;5
1100214866;1;2;3;4;5
1100338359;1;2;3;4;5
1100360914;1;2;3;4;5
110055248;1;2;3;4;5
1100725413;1;2;3;4;5
110076246;1;2;3;4;5
1100812767;1;2;3;4;5
1100842775;1;2;3;4;5
1100901094;1;2;3;4;5
110107009;1;2;3;4;5
110110269;1;2;3;4;5
110110390;1;2;3;4;5
110114873;1;2;3;4;5
110115673;1;2;3;4;5
110122137;1;2;3;4;5
110130608;1;2;3;4;5
110136578;1;2;3;4;5
110137485;1;2;3;4;5
1101403647;1;2;3;4;5
110151353;1;2;3;4;5
110158086;1;2;3;4;5
1101602698;1;2;3;4;5
1101665778;1;2;3;4;5
1101725116;1;2;3;4;5
110174427;1;2;3;4;5
1101850177;1;2;3;4;5
110193771;1;2;3;4;5
110200482;1;2;3;4;5
1102018085;1;2;3;4;5
1102162902;1;2;3;4;5
110217134;1;2;3;4;5
1102286504;1;2;3;4;5
1102499316;1;2;3;4;5
1102528316;1;2;3;4;5
110266883;1;2;3;4;5
110274025;1;2;3;4;5
1102792322;1;2;3;4;5
1102796607;1;2;3;4;5
110290913;1;2;3;4;5
110293915;1;2;3;4;5
110298033;1;2;3;4;5
1103197333;1;2;3;4;5
1103315995;1;2;3;4;5
110333516;1;2;3;4;5
110334867;1;2;3;4;5
110344329;1;2;3;4;5
110351846;1;2;3;4;5
1103523646;1;2;3;4;5
110354049;1;2;3;4;5
1103577934;1;2;3;4;5
1103670971;1;2;3;4;5
110375682;1;2;3;4;5
110375923;1;2;3;4;5
110377900;1;2;3;4;5
110396777;1;2;3;4;5
1104114274;1;2;3;4;5
1104115704;1;2;3;4;5
110417187;1;2;3;4;5
1104210808;1;2;3;4;5
1104307972;1;2;3;4;5
1104316442;1;2;3;4;5
110432600;1;2;3;4;5
1104336061;1;2;3;4;5
110436714;1;2;3;4;5
1104427947;1;2;3;4;5
1104453723;1;2;3;4;5
1104571;1;2;3;4;5
110464134;1;2;3;4;5
110464350;1;2;3;4;5
110497923;1;2;3;4;5
110509378;1;2;3;4;5
1105109573;1;2;3;4;5
1105158618;1;2;3;4;5
1105502556;1;2;3;4;5
110550621;1;2;3;4;5
110562135;1;2;3;4;5
1105675280;1;2;3;4;5
110576912;1;2;3;4;5
110579855;1;2;3;4;5
110586504;1;2;3;4;5
110592380;1;2;3;4;5
1106008198;1;2;3;4;5
1106349905;1;2;3;4;5
1106399167;1;2;3;4;5
1106447927;1;2;3;4;5
1106468979;1;2;3;4;5
110653166;1;2;3;4;5
1106541520;1;2;3;4;5
110655255;1;2;3;4;5
110661194;1;2;3;4;5
110670332;1;2;3;4;5
110682686;1;2;3;4;5
110683868;1;2;3;4;5
1106907897;1;2;3;4;5
1106938019;1;2;3;4;5
1107078038;1;2;3;4;5
110741536;1;2;3;4;5
1107498080;1;2;3;4;5
1107500025;1;2;3;4;5
110751950;1;2;3;4;5
110763428;1;2;3;4;5
1107759110;1;2;3;4;5
110778705;1;2;3;4;5
1107827008;1;2;3;4;5
1107847697;1;2;3;4;5
1107859765;1;2;3;4;5
110790569;1;2;3;4;5
1107906167;1;2;3;4;5
110791786;1;2;3;4;5
1107964885;1;2;3;4;5
110797270;1;2;3;4;5
110811236;1;2;3;4;5
1108192827;1;2;3;4;5
110842874;1;2;3;4;5
110858102;1;2;3;4;5
1108685605;1;2;3;4;5
110877832;1;2;3;4;5
1108830266;1;2;3;4;5
110891045;1;2;3;4;5
110893897;1;2;3;4;5
110895684;1;2;3;4;5
1109068760;1;2;3;4;5
110922876;1;2;3;4;5
1109234330;1;2;3;4;5
110934424;1;2;3;4;5
1109503214;1;2;3;4;5
1109524139;1;2;3;4;5
1109556066;1;2;3;4;5
1109610297;1;2;3;4;5
1109720033;1;2;3;4;5
110988562;1;2;3;4;5
1109948710;1;2;3;4;5
1109962396;1;2;3;4;5
1110001327;1;2;3;4;5
1110005264;1;2;3;4;5
1110036342;1;2;3;4;5
111004574;1;2;3;4;5
111015669;1;2;3;4;5
111016055;1;2;3;4;5
1110313854;1;2;3;4;5
111031803;1;2;3;4;5
111034835;1;2;3;4;5
1110625027;1;2;3;4;5
111069317;1;2;3;4;5
1110704678;1;2;3;4;5
111078079;1;2;3;4;5
111078507;1;2;3;4;5
1110910715;1;2;3;4;5
111092711;1;2;3;4;5
1110931785;1;2;3;4;5
111095220;1;2;3;4;5
1111051067;1;2;3;4;5
1111167064;1;2;3;4;5
111128378;1;2;3;4;5
1111289082;1;2;3;4;5
1111376730;1;2;3;4;5
1111415184;1;2;3;4;5
111144822;1;2;3;4;5
111144954;1;2;3;4;5
111149434;1;2;3;4;5
111152189;1;2;3;4;5
1111684544;1;2;3;4;5
111184364;1;2;3;4;5
1111857500;1;2;3;4;5
111193065;1;2;3;4;5
1111950705;1;2;3;4;5
1111995294;1;2;3;4;5
111222088;1;2;3;4;5
1112247209;1;2;3;4;5
111243925;1;2;3;4;5
1112560453;1;2;3;4;5
111269113;1;2;3;4;5
1112737599;1;2;3;4;5
111274641;1;2;3;4;5
111279003;1;2;3;4;5
111279721;1;2;3;4;5
111282786;1;2;3;4;5
1112838087;1;2;3;4;5
1112964045;1;2;3;4;5
1113206040;1;2;3;4;5
111325683;1;2;3;4;5
1113354261;1;2;3;4;5
111343359;1;2;3;4;5
1113477692;1;2;3;4;5
1113560530;1;2;3;4;5
1113587217;1;2;3;4;5
1113625493;1;2;3;4;5
1113827463;1;2;3;4;5
1113871894;1;2;3;4;5
111393469;1;2;3;4;5
1114018615;1;2;3;4;5
1114075580;1;2;3;4;5
1114086312;1;2;3;4;5
111418681;1;2;3;4;5
1114374977;1;2;3;4;5
1114415539;1;2;3;4;5
1114424419;1;2;3;4;5
111445751;1;2;3;4;5
1114470288;1;2;3;4;5
1114553740;1;2;3;4;5
111477285;1;2;3;4;5
1114876212;1;2;3;4;5
1115002377;1;2;3;4;5
1115022618;1;2;3;4;5
111510426;1;2;3;4;5
1115139715;1;2;3;4;5
111514763;1;2;3;4;5
111533880;1;2;3;4;5
1115485184;1;2;3;4;5
1115511364;1;2;3;4;5
1115544344;1;2;3;4;5
1115723360;1;2;3;4;5
111576684;1;2;3;4;5
1115827638;1;2;3;4;5
1116108082;1;2;3;4;5
111613383;1;2;3;4;5
1116158766;1;2;3;4;5
111620679;1;2;3;4;5
1116223604;1;2;3;4;5
1116261689;1;2;3;4;5
1116263884;1;2;3;4;5
1116280626;1;2;3;4;5
1116515825;1;2;3;4;5
111679723;1;2;3;4;5
1116881144;1;2;3;4;5
111692618;1;2;3;4;5
111692655;1;2;3;4;5
1116938380;1;2;3;4;5
1116945698;1;2;3;4;5
111695502;1;2;3;4;5
111696015;1;2;3;4;5
1116996538;1;2;3;4;5
1117002539;1;2;3;4;5
1117086785;1;2;3;4;5
1117154400;1;2;3;4;5
1117189419;1;2;3;4;5
111726305;1;2;3;4;5
111737611;1;2;3;4;5
1117555304;1;2;3;4;5
1117642175;1;2;3;4;5
111767838;1;2;3;4;5
1117720969;1;2;3;4;5
111788681;1;2;3;4;5
111789592;1;2;3;4;5
111792266;1;2;3;4;5
1117966454;1;2;3;4;5
1118048918;1;2;3;4;5
111825875;1;2;3;4;5
1118339154;1;2;3;4;5
1118357217;1;2;3;4;5
1118443103;1;2;3;4;5
1118484352;1;2;3;4;5
1118672605;1;2;3;4;5
1118678071;1;2;3;4;5
1118733459;1;2;3;4;5
111873831;1;2;3;4;5
111875507;1;2;3;4;5
1118762371;1;2;3;4;5
1119013858;1;2;3;4;5
111908048;1;2;3;4;5
1119099610;1;2;3;4;5
10127269342;1;2;3;4;5
10197315382;1;2;3;4;5
10562942499;1;2;3;4;5
10568730255;1;2;3;4;5
10716426311;1;2;3;4;5
108221643;1;2;3;4;5
1119183047;2;3;4;5
1119226167;1;2;3;4;5
1119232709;1;2;3;4;5
1119267842;1;2;3;4;5
111934576;1;2;3;4;5
1119404147;1;2;3;4;5
1119486022;1;2;3;4;5
111961603;1;2;3;4;5
1119798475;1;2;3;4;5
1119819658;1;2;3;4;5
1119978137;1;2;3;4;5
1120153488;1;2;3;4;5
112021554;1;2;3;4;5
112036329;1;2;3;4;5
1120474376;1;2;3;4;5
112050605;1;2;3;4;5
1120523145;1;2;3;4;5
1120638126;1;2;3;4;5
1120775415;1;2;3;4;5
112079856;1;2;3;4;5
112084829;1;2;3;4;5
112098508;1;2;3;4;5
1121238589;1;2;3;4;5
1121357306;1;2;3;4;5
112172497;1;2;3;4;5
112174902;1;2;3;4;5
112175432;1;2;3;4;5
11220896;1;2;3;4;5
1122155171;1;2;3;4;5
1122207318;1;2;3;4;5
112242098;1;2;3;4;5
1122490853;1;2;3;4;5
1124102722;3;4;5;1;2
1124158009;2;4;5;3
112424292;4;5;3;1
1124256745;2;3;4;5;1
112351516;4;5;2;1;3
112377371;2;3;4;5;1
112310523;4;5;2;3;1
1123500805;5;3;4;2;1
112407707;5;2;3;4
112641555;3;4;5;1;2
1126425919;2;3;4;5;1
1126342643;2;3;4;5;1
1127446769;4;5;2;3;1
1125020702;5;4;2;3
1125140991;1;2;4;5;3
1128963703;4;5;2;3;1
1125657623;5;2;3;4;1
113303296;2;3;4;5;1
1125857519;2;3;4;5
1126046073;2;3;4;5;1
1130579570;2;3;4;5;1
112974377;5;2;4;3
1131767242;4;1;2;3
112956257;4;5;3;1
1129712185;2;4;5;3;1
113175923;5;2;4;3;1
112539382;2;3;4;5;1
1129731661;5;3;4;2
113245597;3;4;5;1
1132663082;2;3;4;5;1
1132823145;2;3;4;5;1
113294607;2;3;4;5;1
113236372;5;2;1;3;4
1124574001;3;4;5;2;1
1125976034;2;3;5;4;1
112834921;2;3;4;5;1
112837086;3;4;5;2
1128411366;1;2;4;5;3
112771636;5;4;1;3;2
112775279;2;3;4;5;1
1127807005;2;5;3;4;1
112540842;4;5;3;1
112997529;5;4;2;3
1124429885;5;2;1;4;3
113180885;5;3;4;2;1
1131875450;2;3;4;5
1125465504;5;2;4;3
112565381;2;3;4;5;1
113110073;3;4;5;2
1126084597;1;5;2;3;4
1132978862;4;5;2;3;1
1133085254;3;4;1;2;5
113157012;2;3;4;5;1
112432894;2;3;5;1;4
113442641;2;3;4;5
1130235433;3;4;5
1127851316;3;5;4;1
1125287529;4;5;3
1125017326;2;3;4;5
1135037580;2;5;3;4
1131551621;5;4;1;2
1130126193;3;5;2;4;1
1136436130;3;4;5;2
113113986;3;2;5;4;1
113065785;2;3;4;5
1128854989;2;3;5;1
112998741;3;1;4;5;2
113319147;3;1;2;4
112907605;2;1;3;4;5
1130817136;4;5;2;3;1
113446851;3;4;2;1;5
1134463570;3;4;5;2;1
113448029;5;2;4;3
1134718938;5;1
1127899905;2;3;4;5;1
1136534324;2;3;4;5;1
1130447312;3;5;2;4
1128218896;3;2;4;1;5
113358403;3;4;2;1;5
113021118;5;2;3;4;1
1128511061;2;3;4;5;1
1128511486;2;1;4;5;3
1137952542;3;4;5;2;1
1138398283;1;4;3;2;5
11276745;2;3;4;5;1
112820689;5;2;3;4;1
112459033;1;2;5
113373967;2;3;4;5;1
1135661306;2;3;4;5;1
113230266;5;2;3;4;1
1127036574;3;4;2;5;1
1131463719;2;3;4;5
1135261265;2;3;4;5
113584026;5;4;3;2
1127814146;3;4;5;1;2
113404301;4;5;2
1135307661;1;4;5;3;2
113744762;3;4;5;2;1
1126825582;3;4;5;1;2
1127034854;2;3;4;5;1
1128577569;4;5;1;3;2
1134473261;2;4;5;1
112326579;5;3;4;2
11225013;4;1;3
1138408090;4;5;2
1133254305;3;4;5
1133390122;2;4;5;3
112935410;5;1;2;3;4
1124304092;2;3;4;1;5
1122683994;3;4;5
112301332;4;3;5;1;2
1130094457;2;3;4;5;1
112893638;4;5
113141173;4;5;1;2
1128336571;2;4;5;3
113242296;4;5
1138575885;3;4;5;2;1
1138715449;2;1;3;4;5
113704179;3;4;1;2;5
1130953667;2;3;4;5
112575640;2;3
113218430;2;3;4;5;1
1133740039;5;2
112383279;5;1;4
1129544997;3;5;1;2
1135920214;2;3;4;5;1
1131690107;5;2;1
113169011;4;1;2
1130279136;4;1;5;2;3
112871945;3;4;5;2
1126308176;4;5;2;3;1
112630968;2;5;3;4;1
1129167272;2;3;4;1;5
113413542;4;5;2
1136799087;2;3;4;5
114010908;3;4;1
114070919;5;4;3;1;2
1141060770;4;1;2;3;5
113547524;5;4;2
113959234;3;4;5;2
1132076563;1;5;4;3
114112899;5;1;3;2
1141968734;3;4;5;2;1
1137694350;4;5;2;3
1132394770;2;3;4;5
1142262349;4;3;5;2
113512919;3;2;4;5;1
113994062;4;5;1;3
113999256;2;4;3;5
113677939;5;2;1
1141614755;3;4;5;2
113771508;5;1;2;3;4
113968825;5;4;2;1
113977555;3;4;5;2;1
1142487893;3;2;4
114352749;2;4;1
1135093048;2;3;4;1;5
114131367;4;5;2;3;1
113925005;4;5;2
1140706907;2;3;4;5
1141580385;3;4;5;1
1141065745;3;4;5;2
113547324;4;3;5
113715142;5;1;4;3
113950187;2;3;4;5;1
114127726;5;1
113714232;5;3;2;4
1125426151;2;4;1
1137686700;3;4;2;5;1
1130539541;4;5;3;2
1141773903;4;2;3;5
1137202469;2;3;4;1
114322107;3;4;5;2
1139330519;5;3;4;2
113579838;4;1
114234250;3;4;2;5;1
1139296536;2
1140611858;4;5;2;3
1143005110;2;4
1137243788;5;4;3
113893334;2;1;3;4
1135162499;2;3;5;4
114314065;5;4;3
113914723;5;4
112982430;4;5;3
1142146173;1;5;4;2
114169351;2;3;4;5;1
1139121154;4;5;3
112520671;4;2;1;3
1130480150;3;2;1
113235325;5;1;4;3
114351714;2;3;4;5
114352073;2;3;5
114667777;3;4;5;1
114410087;4;1
114398563;4;3
114117104;5;4;1
114607223;2;3;4;5
114794717;4;5;1
1147972799;2;3;4;5
114618984;4
114258742;5;4
114188686;4;5;2;3
114564712;3;4;5;2
1145816289;2;4;5;3
113583542;2;4;5;3
1145517161;5;4;3
1141850704;3;4;5
1144388910;4;5
114440496;3;5
113561715;1;5;3
1146131420;2;1
1144037210;5;3;2;4
1147915991;3;4;5
1146335668;2;3;4;5
114702939;3;4;5
1146220087;3;2;4
1143649715;5;2;3;1;4
113568286;5;2;1;4
1146811779;5;3
1146868239;2;5
1142758775;5;3;4
1144824230;1;2;5;3;4
1146466715;3;2;1;4;5
1143554940;4;5;2;3
113958404;3;4;2;5;1
114686907;2;4
114517258;5;4;1
114524209;4;5;2;3
114526251;4;1;5;3
114341736;2;5;3;4
1147656049;5;3
114297525;4;5;2;3;1
1144960029;2;1;4;5
1133968599;2
1144171622;4;5;3;1
1148040347;1;2;3;4;5
1148042160;4;5;2;3;1
114715893;5
115029949;3;2;5
115080886;2;3;4;5
114976865;5
1149796031;2;4;5
1143588359;2;3;4
1143636645;2;3;4;5
1150867442;2;3;4;5
1151478695;2;3;4;5
1147556590;2;3
115168377;2
1149183979;2;3;4;5
1148298245;2;3;4;5;1
115073185;3;4;5
1146215305;4;5;2;3
1143090449;5
113161631;4;2;3
114708429;2
1144194860;5;1;2;3
1151192026;4;5
114831162;2;3;4;5
1144386583;2
1148661147;2;3;4
1145009830;5;4;2;3
114786199;2;3;4
114838473;5
115014489;4;5;2;3
1151793268;1
11427076;3;2
1144209141;1;5
1149797601;5;2
113596973;5;3
1147091404;4
114933056;5
114762247;5
114044881;5;3
1146640485;2;3
1141757116;3;5;4
1148883638;5
115098686;3;5;2
114416858;5;4
1151080046;5
114905161;4;5
114898690;5
1147856391;2
1150979487;5;4
1151049689;2;3;4;5
113694012;3;4;5
1150689945;2;3;4
1141201730;3
114280214;4
114400255;5
115156958;4;5
114959275;2;3;4